178.246	-0.02
178.631	-0.02
179.016	-0.03
179.401	0.27
179.785	0.32
180.17	0.33
180.554	-0.56
180.939	-0
181.323	-0.12
181.708	0.14
182.092	-0
182.477	0.34
182.861	0.2
183.245	-0.06
183.63	-1.07
184.014	-0.4
184.398	0.24
184.782	0.88
185.167	0.38
185.551	-0.39
185.935	0.38
186.319	-0
186.703	0.5
187.087	-0.11
187.471	-0.05
187.855	0.1
188.238	0.2
188.622	-0
189.006	0.25
189.39	-0
189.774	-0.07
190.157	-0.96
190.541	0.18
190.925	0.21
191.308	0.59
191.692	-0.29
192.075	0.45
192.459	-0
192.842	-0.28
193.226	0.61
193.609	0.58
193.992	0.04
194.376	-0.15
194.759	0.26
195.142	0.21
195.525	-0.47
195.909	-0
196.292	-0
196.675	-0.1
197.058	0.02
197.441	-0.19
197.824	0.04
198.207	-0
198.59	-0
198.973	-0.48
199.356	0.47
199.738	-0
200.121	-0
200.504	-0.03
200.887	-0.58
201.269	-0
201.652	0.16
202.035	0.39
202.417	-0
202.8	-0
203.182	-1.24
203.565	-0
203.947	0.51
204.329	-0
204.712	0.27
205.094	0.2
205.476	-0
205.859	-0.72
206.241	-0.84
206.623	-0
207.005	-0.86
207.387	-0.93
207.769	-0
208.151	-0
208.533	-0
208.915	-0.15
209.297	0.06
209.679	-0.86
210.061	-1.03
210.443	-0.06
210.825	0.54
211.206	-0.69
211.588	-0.28
211.97	0.72
212.351	-0
212.733	-0
213.115	-0.27
213.496	1.24
213.878	-0.12
214.259	-0.12
214.641	0.48
215.022	-0
215.403	0.28
215.785	-0.36
216.166	-0
216.547	0.39
216.928	0.72
217.31	0.4
217.691	0.32
218.072	0.39
218.453	0.06
218.834	-0
219.215	0.09
219.596	0.79
219.977	0.32
220.358	-0.03
220.739	-0
221.119	-0
221.5	-0.18
221.881	0.39
222.262	-0.14
222.642	0.53
223.023	1.6
223.403	-0.68
223.784	0.09
224.165	-0.71
224.545	-0.09
224.926	-0
225.306	-0.42
225.686	-0
226.067	-0.33
226.447	-0.36
226.827	-0
227.207	0.01
227.588	0.56
227.968	-0.14
228.348	-0
228.728	0.14
229.108	0.24
229.488	-0
229.868	-0.45
230.248	-0
230.628	-0
231.008	-0.1
231.388	-0
231.767	-0
232.147	-0
232.527	-0
232.907	0.44
233.286	0.37
233.666	0.19
234.046	0.01
234.425	-0.05
234.805	0.35
235.184	-0.61
235.564	1.21
235.943	0.18
236.322	-0.4
236.702	2.41
237.081	0.61
237.46	-0.12
237.839	0.46
238.219	-0
238.598	-0
238.977	0.14
239.356	0.33
239.735	0.25
240.114	1.76
240.493	0.27
240.872	-0.11
241.251	-0.04
241.629	0.16
242.008	0.03
242.387	0.63
242.766	-0
243.145	0.39
243.523	0.53
243.902	-0
244.28	-0
244.659	0.56
245.037	0.2
245.416	0.48
245.794	0.56
246.173	-0
246.551	-0
246.93	0.32
247.308	0.12
247.686	0.4
248.064	0.39
248.442	-0
248.821	-0
249.199	0.64
249.577	0.64
249.955	0.54
250.333	0.77
250.711	-0
251.089	1.51
251.467	0.86
251.844	1.1
252.222	0.95
252.6	0.51
252.978	-0
253.356	0.71
253.733	-0
254.111	0.87
254.488	0.86
254.866	0.68
255.243	0.51
255.621	0.61
255.998	0.63
256.376	0.97
256.753	1.07
257.13	0.73
257.508	0.59
257.885	0.31
258.262	0.4
258.639	0.16
259.017	-0.05
259.394	-0.02
259.771	-0.15
260.148	-0.15
260.525	-0.15
260.902	-0.23
261.279	-0.34
261.656	-0.33
262.032	-0.37
262.409	-0.36
262.786	-0.4
263.163	-0.37
263.539	-0.38
263.916	-0.4
264.293	-0.41
264.669	-0.46
265.046	-0.43
265.422	-0.46
265.799	-0.43
266.175	-0.49
266.552	-0.38
266.928	-0.37
267.304	-0.4
267.681	-0.41
268.057	-0.39
268.433	-0.36
268.809	-0.37
269.185	-0.41
269.561	-0.38
269.937	-0.38
270.313	-0.38
270.689	-0.38
271.065	-0.36
271.441	-0.33
271.817	-0.33
272.193	-0.3
272.569	-0.31
272.945	-0.28
273.32	-0.29
273.696	-0.26
274.072	-0.25
274.447	-0.25
274.823	-0.24
275.198	-0.23
275.574	-0.22
275.949	-0.25
276.325	-0.23
276.7	-0.2
277.075	-0.17
277.451	-0.23
277.826	-0.2
278.201	-0.21
278.576	-0.17
278.951	-0.15
279.326	-0.18
279.702	-0.17
280.077	-0.14
280.452	-0.14
280.827	-0.12
281.201	-0.13
281.576	-0.08
281.951	-0.09
282.326	-0.1
282.701	-0.09
283.075	-0.11
283.45	-0.08
283.825	-0.08
284.199	-0.07
284.574	-0.06
284.949	-0.07
285.323	-0.04
285.697	-0.05
286.072	-0.04
286.446	-0.03
286.821	-0.03
287.195	-0.03
287.569	-0.03
287.943	0
288.318	0
288.692	0.01
289.066	-0
289.44	0.01
289.814	0.02
290.188	0.04
290.562	0.03
290.936	0.05
291.31	0.06
291.684	0.08
292.057	0.08
292.431	0.09
292.805	0.1
293.179	0.09
293.552	0.08
293.926	0.1
294.299	0.1
294.673	0.1
295.046	0.12
295.42	0.11
295.793	0.13
296.167	0.12
296.54	0.12
296.913	0.12
297.287	0.14
297.66	0.11
298.033	0.15
298.406	0.13
298.779	0.14
299.152	0.14
299.525	0.15
299.898	0.15
300.271	0.16
300.644	0.17
301.017	0.17
301.39	0.18
301.763	0.19
302.136	0.2
302.508	0.2
302.881	0.21
303.254	0.22
303.626	0.2
303.999	0.25
304.371	0.25
304.744	0.27
305.116	0.28
305.489	0.28
305.861	0.28
306.233	0.29
306.606	0.32
306.978	0.31
307.35	0.31
307.722	0.33
308.095	0.33
308.467	0.33
308.839	0.34
309.211	0.34
309.583	0.33
309.955	0.32
310.327	0.33
310.698	0.33
311.07	0.33
311.442	0.35
311.814	0.36
312.185	0.34
312.557	0.35
312.929	0.35
313.3	0.33
313.672	0.34
314.043	0.36
314.415	0.37
314.786	0.37
315.158	0.38
315.529	0.4
315.9	0.41
316.272	0.42
316.643	0.44
317.014	0.45
317.385	0.47
317.756	0.5
318.127	0.48
318.499	0.53
318.87	0.58
319.24	0.57
319.611	0.62
319.982	0.6
320.353	0.65
320.724	0.66
321.095	0.65
321.465	0.69
321.836	0.69
322.207	0.71
322.577	0.71
322.948	0.73
323.318	0.67
323.689	0.7
324.059	0.66
324.43	0.64
324.8	0.62
325.171	0.64
325.541	0.61
325.911	0.6
326.281	0.58
326.651	0.6
327.022	0.57
327.392	0.6
327.762	0.58
328.132	0.59
328.502	0.58
328.872	0.61
329.242	0.59
329.611	0.59
329.981	0.63
330.351	0.64
330.721	0.62
331.09	0.68
331.46	0.7
331.83	0.73
332.199	0.73
332.569	0.81
332.938	0.84
333.308	0.84
333.677	0.88
334.047	0.86
334.416	1
334.785	0.92
335.154	1
335.524	0.93
335.893	1.12
336.262	1.1
336.631	1.06
337	1.23
337.369	1.14
337.738	1.2
338.107	1.16
338.476	1.27
338.845	1.25
339.214	1.17
339.582	1.14
339.951	1.04
340.32	1.1
340.689	1
341.057	0.93
341.426	0.94
341.794	0.91
342.163	0.91
342.531	0.88
342.9	0.8
343.268	0.8
343.636	0.73
344.005	0.73
344.373	0.76
344.741	0.71
345.109	0.73
345.477	0.71
345.845	0.71
346.214	0.71
346.582	0.77
346.95	0.77
347.317	0.76
347.685	0.77
348.053	0.83
348.421	0.91
348.789	0.92
349.156	1.02
349.524	1.07
349.892	1.11
350.259	1.13
350.627	1.38
350.995	1.22
351.362	1.26
351.729	1.2
352.097	1.26
352.464	1.26
352.832	1.4
353.199	1.29
353.566	1.39
353.933	1.34
354.3	1.45
354.668	1.43
355.035	1.44
355.402	1.69
355.769	1.7
356.136	-0
356.503	1.5
356.869	1.86
357.236	1.23
357.603	1.28
357.97	1.3
358.337	1.2
358.703	1
359.07	1.04
359.436	1.08
359.803	0.87
360.17	0.81
360.536	0.75
360.902	0.73
361.269	0.66
361.635	0.64
362.001	0.64
362.368	0.59
362.734	0.56
363.1	0.54
363.466	0.55
363.832	0.56
364.198	0.54
364.564	0.52
364.93	0.53
365.296	0.51
365.662	0.54
366.028	0.57
366.394	0.56
366.76	0.59
367.125	0.63
367.491	0.7
367.857	0.73
368.222	0.79
368.588	0.84
368.953	0.85
369.319	0.87
369.684	0.92
370.05	0.93
370.415	0.96
370.781	0.93
371.146	1.05
371.511	1.1
371.876	1.16
372.241	1.14
372.607	1.27
372.972	1.34
373.337	1.28
373.702	1.34
374.067	1.43
374.431	1.46
374.796	1.26
375.161	1.5
375.526	1.4
375.891	1.24
376.255	1.29
376.62	1.19
376.985	1.05
377.349	0.97
377.714	0.85
378.078	0.74
378.443	0.68
378.807	0.6
379.172	0.53
379.536	0.47
379.9	0.41
380.264	0.37
380.629	0.33
380.993	0.31
381.357	0.28
381.721	0.26
382.085	0.23
382.449	0.21
382.813	0.21
383.177	0.2
383.541	0.17
383.905	0.15
384.268	0.16
384.632	0.14
384.996	0.13
385.359	0.14
385.723	0.13
386.087	0.14
386.45	0.1
386.814	0.12
387.177	0.1
387.541	0.11
387.904	0.1
388.267	0.11
388.631	0.11
388.994	0.1
389.357	0.09
389.72	0.1
390.083	0.11
390.446	0.1
390.809	0.11
391.172	0.1
391.535	0.1
391.898	0.08
392.261	0.09
392.624	0.1
392.987	0.1
393.35	0.1
393.712	0.09
394.075	0.1
394.437	0.09
394.8	0.09
395.163	0.09
395.525	0.11
395.888	0.1
396.25	0.12
396.612	0.1
396.975	0.11
397.337	0.1
397.699	0.09
398.061	0.09
398.424	0.1
398.786	0.09
399.148	0.1
399.51	0.09
399.872	0.1
400.234	0.09
400.596	0.1
400.957	0.1
401.319	0.1
401.681	0.1
402.043	0.09
402.404	0.09
402.766	0.1
403.128	0.1
403.489	0.08
403.851	0.09
404.212	0.1
404.574	0.09
404.935	0.1
405.296	0.11
405.658	0.08
406.019	0.09
406.38	0.1
406.741	0.1
407.103	0.1
407.464	0.09
407.825	0.09
408.186	0.09
408.547	0.1
408.908	0.09
409.268	0.09
409.629	0.1
409.99	0.09
410.351	0.1
410.712	0.07
411.072	0.11
411.433	0.1
411.793	0.09
412.154	0.09
412.515	0.09
412.875	0.08
413.235	0.11
413.596	0.1
413.956	0.1
414.316	0.1
414.677	0.11
415.037	0.1
415.397	0.11
415.757	0.1
416.117	0.1
416.477	0.1
416.837	0.09
417.197	0.11
417.557	0.08
417.917	0.11
418.277	0.1
418.637	0.1
418.996	0.1
419.356	0.08
419.716	0.08
420.075	0.1
420.435	0.11
420.794	0.1
421.154	0.09
421.513	0.1
421.873	0.09
422.232	0.1
422.591	0.08
422.95	0.09
423.31	0.1
423.669	0.1
424.028	0.11
424.387	0.11
424.746	0.09
425.105	0.1
425.464	0.08
425.823	0.09
426.182	0.09
426.541	0.09
426.899	0.1
427.258	0.1
427.617	0.1
427.976	0.09
428.334	0.11
428.693	0.1
429.051	0.1
429.41	0.09
429.768	0.09
430.127	0.09
430.485	0.09
430.843	0.09
431.202	0.1
431.56	0.1
431.918	0.09
432.276	0.08
432.634	0.1
432.992	0.08
433.35	0.1
433.708	0.1
434.066	0.09
434.424	0.09
434.782	0.11
435.14	0.1
435.497	0.09
435.855	0.09
436.213	0.09
436.57	0.09
436.928	0.08
437.285	0.1
437.643	0.09
438	0.08
438.358	0.09
438.715	0.1
439.072	0.1
439.43	0.08
439.787	0.1
440.144	0.09
440.501	0.1
440.858	0.09
441.215	0.11
441.572	0.09
441.929	0.1
442.286	0.08
442.643	0.09
443	0.09
443.357	0.08
443.714	0.11
444.07	0.1
444.427	0.09
444.783	0.09
445.14	0.08
445.497	0.09
445.853	0.11
446.209	0.08
446.566	0.11
446.922	0.08
447.279	0.11
447.635	0.09
447.991	0.08
448.347	0.08
448.703	0.09
449.059	0.08
449.415	0.1
449.771	0.09
450.127	0.09
450.483	0.11
450.839	0.09
451.195	0.09
451.551	0.09
451.906	0.1
452.262	0.12
452.618	0.1
452.973	0.08
453.329	0.08
453.685	0.11
454.04	0.1
454.395	0.09
454.751	0.1
455.106	0.09
455.461	0.1
455.817	0.09
456.172	0.1
456.527	0.08
456.882	0.07
457.237	0.09
457.592	0.09
457.947	0.09
458.302	0.1
458.657	0.1
459.012	0.08
459.367	0.08
459.721	0.1
460.076	0.08
460.431	0.1
460.785	0.09
461.14	0.09
461.495	0.12
461.849	0.09
462.204	0.08
462.558	0.1
462.912	0.09
463.267	0.1
463.621	0.09
463.975	0.09
464.329	0.08
464.683	0.08
465.038	0.08
465.392	0.09
465.746	0.08
466.1	0.1
466.454	0.09
466.807	0.09
467.161	0.09
467.515	0.09
467.869	0.09
468.222	0.08
468.576	0.08
468.93	0.1
469.283	0.1
469.637	0.09
469.99	0.1
470.344	0.09
470.697	0.08
471.05	0.11
471.404	0.09
471.757	0.1
472.11	0.09
472.463	0.11
472.816	0.11
473.169	0.08
473.522	0.1
473.875	0.09
474.228	0.09
474.581	0.09
474.934	0.09
475.287	0.08
475.64	0.08
475.992	0.09
476.345	0.09
476.698	0.1
477.05	0.1
477.403	0.1
477.755	0.1
478.108	0.08
478.46	0.1
478.812	0.12
479.165	0.09
479.517	0.1
479.869	0.09
480.221	0.09
480.574	0.09
480.926	0.1
481.278	0.1
481.63	0.09
481.982	0.1
482.333	0.1
482.685	0.1
483.037	0.11
483.389	0.1
483.741	0.08
484.092	0.1
484.444	0.11
484.796	0.1
485.147	0.09
485.499	0.08
485.85	0.08
486.201	0.1
486.553	0.09
486.904	0.09
487.255	0.09
487.607	0.09
487.958	0.09
488.309	0.09
488.66	0.09
489.011	0.09
489.362	0.09
489.713	0.09
490.064	0.09
490.415	0.09
490.765	0.09
491.116	0.1
491.467	0.09
491.818	0.1
492.168	0.1
492.519	0.08
492.869	0.09
493.22	0.11
493.57	0.1
493.921	0.09
494.271	0.09
494.621	0.08
494.972	0.09
495.322	0.07
495.672	0.09
496.022	0.09
496.372	0.08
496.722	0.07
497.072	0.09
497.422	0.09
497.772	0.08
498.122	0.08
498.472	0.09
498.822	0.09
499.171	0.09
499.521	0.1
499.871	0.09
500.22	0.08
500.57	0.1
500.919	0.08
501.269	0.1
501.618	0.09
501.967	0.09
502.317	0.09
502.666	0.08
503.015	0.09
503.364	0.09
503.713	0.08
504.063	0.08
504.412	0.08
504.761	0.1
505.11	0.09
505.458	0.1
505.807	0.09
506.156	0.1
506.505	0.08
506.854	0.08
507.202	0.08
507.551	0.08
507.899	0.09
508.248	0.1
508.596	0.09
508.945	0.1
509.293	0.09
509.642	0.09
509.99	0.09
510.338	0.09
510.686	0.09
511.034	0.08
511.383	0.1
511.731	0.08
512.079	0.08
512.427	0.1
512.775	0.09
513.122	0.09
513.47	0.09
513.818	0.08
514.166	0.09
514.513	0.07
514.861	0.08
515.209	0.07
515.556	0.07
515.904	0.08
516.251	0.08
516.599	0.09
516.946	0.08
517.293	0.14
517.641	0.07
517.988	0.08
518.335	0.09
518.682	0.09
519.029	0.09
519.376	0.08
519.723	0.08
520.07	0.09
520.417	0.09
520.764	0.09
521.111	0.09
521.458	0.08
521.804	0.09
522.151	0.08
522.498	0.08
522.844	0.09
523.191	0.1
523.537	0.08
523.884	0.07
524.23	0.1
524.576	0.09
524.923	0.1
525.269	0.09
525.615	0.08
525.961	0.08
526.307	0.09
526.653	0.09
526.999	0.07
527.345	0.09
527.691	0.09
528.037	0.09
528.383	0.09
528.729	0.09
529.075	0.1
529.42	0.09
529.766	0.09
530.112	0.1
530.457	0.1
530.803	0.1
531.148	0.1
531.493	0.09
531.839	0.09
532.184	0.08
532.529	0.09
532.875	0.08
533.22	0.08
533.565	0.09
533.91	0.08
534.255	0.07
534.6	0.08
534.945	0.11
535.29	0.09
535.635	0.08
535.98	0.08
536.324	0.09
536.669	0.09
537.014	0.09
537.358	0.09
537.703	0.08
538.047	0.07
538.392	0.09
538.736	0.09
539.081	0.09
539.425	0.09
539.769	0.1
540.113	0.09
540.458	0.07
540.802	0.09
541.146	0.09
541.49	0.09
541.834	0.09
542.178	0.08
542.522	0.08
542.866	0.09
543.209	0.09
543.553	0.09
543.897	0.07
544.241	0.08
544.584	0.09
544.928	0.09
545.271	0.1
545.615	0.08
545.958	0.08
546.302	0.08
546.645	0.08
546.988	0.08
547.331	0.07
547.675	0.08
548.018	0.08
548.361	0.08
548.704	0.06
549.047	0.1
549.39	0.1
549.733	0.1
550.076	0.1
550.418	0.08
550.761	0.08
551.104	0.09
551.447	0.09
551.789	0.08
552.132	0.08
552.474	0.09
552.817	0.11
553.159	0.1
553.502	0.09
553.844	0.06
554.186	0.08
554.528	0.08
554.871	0.11
555.213	0.08
555.555	0.08
555.897	0.09
556.239	0.08
556.581	0.09
556.923	0.08
557.265	0.09
557.606	0.09
557.948	0.07
558.29	0.09
558.632	0.09
558.973	0.09
559.315	0.09
559.656	0.08
559.998	0.09
560.339	0.08
560.68	0.09
561.022	0.09
561.363	0.08
561.704	0.07
562.046	0.06
562.387	0.08
562.728	0.08
563.069	0.09
563.41	0.08
563.751	0.08
564.092	0.09
564.432	0.1
564.773	0.08
565.114	0.09
565.455	0.1
565.795	0.1
566.136	0.1
566.477	0.07
566.817	0.08
567.157	0.07
567.498	0.1
567.838	0.09
568.179	0.08
568.519	0.1
568.859	0.1
569.199	0.09
569.539	0.11
569.879	0.08
570.219	0.05
570.559	0.09
570.899	0.1
571.239	0.09
571.579	0.08
571.919	0.09
572.259	0.09
572.598	0.1
572.938	0.11
573.278	0.07
573.617	0.08
573.957	0.09
574.296	0.1
574.635	0.07
574.975	0.08
575.314	0.12
575.653	0.11
575.993	0.1
576.332	0.07
576.671	0.06
577.01	0.09
577.349	0.1
577.688	0.08
578.027	0.06
578.366	0.05
578.704	0.1
579.043	0.12
579.382	0.12
579.721	0.07
580.059	0.07
580.398	0.08
580.736	0.08
581.075	0.06
581.413	0.07
581.752	0.06
582.09	0.09
582.428	0.1
582.766	0.11
583.105	0.1
583.443	0.08
583.781	0.08
584.119	0.06
584.457	0.07
584.795	0.08
585.133	0.1
585.47	0.07
585.808	0.08
586.146	0.08
586.484	0.08
586.821	0.08
587.159	0.08
587.496	0.1
587.834	0.08
588.171	0.08
588.509	0.08
588.846	0.07
589.183	0.08
589.521	0.1
589.858	0.07
590.195	0.09
590.532	0.11
590.869	0.12
591.206	0.09
591.543	0.08
591.88	0.06
592.217	0.05
592.554	0.08
592.89	0.1
593.227	0.09
593.564	0.06
593.9	0.06
594.237	0.07
594.573	0.08
594.91	0.09
595.246	0.11
595.583	0.09
595.919	0.07
596.255	0.09
596.592	0.11
596.928	0.08
597.264	0.08
597.6	0.09
597.936	0.11
598.272	0.07
598.608	0.06
598.944	0.07
599.279	0.08
599.615	0.08
599.951	0.09
600.287	0.06
600.622	0.07
600.958	0.07
601.293	0.1
601.629	0.1
601.964	0.09
602.3	0.08
602.635	0.08
602.97	0.08
603.305	0.08
603.641	0.09
603.976	0.09
604.311	0.09
604.646	0.08
604.981	0.1
605.316	0.1
605.651	0.08
605.986	0.07
606.32	0.07
606.655	0.08
606.99	0.05
607.324	0.06
607.659	0.11
607.993	0.08
608.328	0.06
608.662	0.08
608.997	0.08
609.331	0.09
609.665	0.08
610	0.07
610.334	0.08
610.668	0.08
611.002	0.09
611.336	0.08
611.67	0.08
612.004	0.08
612.338	0.1
612.672	0.1
613.005	0.1
613.339	0.08
613.673	0.07
614.006	0.06
614.34	0.08
614.674	0.09
615.007	0.07
615.341	0.06
615.674	0.09
616.007	0.1
616.341	0.06
616.674	0.09
617.007	0.06
617.34	0.08
617.673	0.07
618.006	0.09
618.339	0.08
618.672	0.03
619.005	0.03
619.338	0.05
619.671	0.09
620.003	0.11
620.336	0.09
620.669	0.07
621.001	0.1
621.334	0.08
621.666	0.07
621.999	0.1
622.331	0.08
622.663	0.06
622.996	0.08
623.328	0.1
623.66	0.08
623.992	0.06
624.324	0.06
624.656	0.07
624.988	0.06
625.32	0.09
625.652	0.08
625.984	0.09
626.316	0.06
626.647	0.05
626.979	0.11
627.311	0.09
627.642	0.06
627.974	0.05
628.305	0.07
628.637	0.06
628.968	0.08
629.299	0.07
629.631	0.08
629.962	0.03
630.293	0.08
630.624	0.09
630.955	0.09
631.286	0.07
631.617	0.08
631.948	0.11
632.279	0.08
632.61	0.07
632.941	0.07
633.271	0.07
633.602	0.08
633.932	0.08
634.263	0.11
634.594	0.09
634.924	0.1
635.254	0.07
635.585	0.08
635.915	0.08
636.245	0.02
636.576	0.1
636.906	0.11
637.236	0.05
637.566	0.03
637.896	0.08
638.226	0.1
638.556	0.1
638.886	0.07
639.215	0.07
639.545	0.05
639.875	0.1
640.204	0.07
640.534	0.05
640.864	0.04
641.193	0.08
641.522	0.1
641.852	0.13
642.181	0.08
642.511	0.03
642.84	0.07
643.169	0.05
643.498	0.02
643.827	0.05
644.156	0.06
644.485	0.1
644.814	0.08
645.143	0.01
645.472	0.03
645.801	0.05
646.129	0.11
646.458	0.13
646.787	0.09
647.115	0.11
647.444	0.09
647.772	0.07
648.101	0.01
648.429	0.07
648.757	0.05
649.085	0.06
649.414	0.06
649.742	0.04
650.07	0.04
650.398	0.11
650.726	0.09
651.054	0.07
651.382	0.08
651.71	0.08
652.038	0.04
652.365	0.07
652.693	0.05
653.021	-0.06
653.348	0.04
653.676	0.2
654.003	0.17
654.331	0.1
654.658	-0.08
654.985	-0.08
655.313	-0.03
655.64	0.03
655.967	0.05
656.294	0.06
656.621	0.07
656.948	0.06
657.275	0.04
657.602	0.05
657.929	0.06
658.256	0.02
658.583	0.05
658.909	0.03
659.236	0.07
659.563	0.06
659.889	0.09
660.216	0.08
660.542	0.06
660.869	0.07
661.195	0.01
661.521	0.03
661.847	0.1
662.174	0.1
662.5	0.1
662.826	0.09
663.152	0.09
663.478	0.04
663.804	0.07
664.13	0.05
664.456	0.1
664.781	0.03
665.107	0.06
665.433	0.1
665.758	0.1
666.084	0.07
666.41	0.02
666.735	0.15
667.06	0.08
667.386	0.03
667.711	0.08
668.036	0.06
668.362	0
668.687	0.08
669.012	0.04
669.337	0.07
669.662	0.12
669.987	0.12
670.312	0.07
670.637	0.04
670.961	0.01
671.286	0.04
671.611	0.02
671.935	0.08
672.26	0.06
672.585	0.06
672.909	0.07
673.233	0.07
673.558	0.06
673.882	0.06
674.206	0.09
674.531	0.1
674.855	0.08
675.179	0.04
675.503	0.08
675.827	0.09
676.151	0.12
676.475	0.05
676.799	0.07
677.123	0.09
677.446	0.12
677.77	0.08
678.094	0.06
678.417	0.05
678.741	0.06
679.064	0.05
679.388	0.08
679.711	0.11
680.034	0.06
680.358	0.07
680.681	0.05
681.004	0.03
681.327	0.03
681.65	0.12
681.973	0.11
682.296	0.09
682.619	0.09
682.942	0.1
683.265	0.09
683.587	0.1
683.91	0.06
684.233	0.08
684.555	0.05
684.878	0.05
685.2	0.05
685.523	0.09
685.845	0.08
686.168	0.06
686.49	0.04
686.812	0.04
687.134	0.02
687.456	0.1
687.778	0.11
688.1	0.09
688.422	0.04
688.744	0.04
689.066	0.12
689.388	0.14
689.71	0.07
690.031	0.05
690.353	0.04
690.675	0.04
690.996	0.08
691.318	0.1
691.639	0.1
691.96	0.04
692.282	0.07
692.603	0.04
692.924	0.09
693.245	0.09
693.566	0.11
693.887	0.04
694.208	-0.05
694.529	0.06
694.85	0.15
695.171	0.14
695.492	0.11
695.813	0.04
696.133	0.03
696.454	0
696.775	0.02
697.095	0.08
697.416	0.01
697.736	0.11
698.056	-0.03
698.377	0.05
698.697	0.03
699.017	0.05
699.337	0.03
699.657	0.07
699.977	0.06
700.297	0.15
700.617	0.08
700.937	0.09
701.257	0.06
701.577	0.02
701.897	0
702.216	0.02
702.536	0.04
702.855	0.07
703.175	0.05
703.494	0
703.814	0.04
704.133	0.02
704.452	0.09
704.772	0.11
705.091	0.15
705.41	0.12
705.729	0.07
706.048	0.06
706.367	0.07
706.686	0.03
707.005	-0.03
707.324	-0.01
707.642	0.02
707.961	-0.02
708.28	0.04
708.598	0.09
708.917	0.09
709.235	0.07
709.554	0.05
709.872	0
710.191	0.07
710.509	0.07
710.827	0.1
711.145	0.14
711.463	0.1
711.781	0.09
712.099	0.09
712.417	0.06
712.735	0.02
713.053	0.05
713.371	0.05
713.689	0.11
714.006	0.04
714.324	-0.1
714.642	0.01
714.959	0.07
715.277	0.07
715.594	0.09
715.911	0.1
716.229	0.09
716.546	0.09
716.863	0.05
717.18	0
717.497	0.07
717.814	0.04
718.131	0.07
718.448	0.07
718.765	0.07
719.082	0.02
719.399	0.08
719.715	0.07
720.032	0.07
720.349	0.05
720.665	0.06
720.982	-0
721.298	0.07
721.615	0.09
721.931	0.06
722.247	0.08
722.563	0.02
722.88	0.07
723.196	0.1
723.512	0.09
723.828	0.08
724.144	0.04
724.46	0.03
724.775	0.02
725.091	0.03
725.407	0.01
725.723	0.07
726.038	0.1
726.354	0.1
726.669	0
726.985	0.05
727.3	0.11
727.616	0.06
727.931	0.07
728.246	0.07
728.561	0.1
728.876	0.16
729.192	0.11
729.507	0.05
729.822	0.07
730.136	0.05
730.451	0.04
730.766	0.08
731.081	0.07
731.396	0.07
731.71	0.02
732.025	0.07
732.339	0.03
732.654	0.06
732.968	0.03
733.283	0.02
733.597	0.1
733.911	0.04
734.225	0.06
734.54	0
734.854	0.07
735.168	0.06
735.482	-0.02
735.796	0.04
736.11	0
736.423	0.03
736.737	0.09
737.051	0.07
737.364	0.09
737.678	0.08
737.992	-0.03
738.305	-0.01
738.619	-0
738.932	0.03
739.245	-0.05
739.559	0.03
739.872	0.01
740.185	0.11
740.498	0.11
740.811	0.09
741.124	0.02
741.437	-0.01
741.75	-0.01
742.063	-0.05
742.376	0.01
742.688	-0.06
743.001	-0.06
743.314	0.11
743.626	0.07
743.939	0.05
744.251	0.03
744.564	0.02
744.876	0.09
745.188	0.05
745.5	0.05
745.813	-0.04
746.125	-0.02
746.437	-0.02
746.749	-0.02
747.061	0.12
747.373	0.1
747.684	0.05
747.996	0.06
748.308	0.08
748.62	0.05
748.931	-0.03
749.243	0.08
749.554	0.08
749.866	0.05
750.177	0.07
750.489	0.06
750.8	0.03
751.111	0.04
751.422	0.08
751.733	0.04
752.044	0.05
752.355	-0.03
752.666	-0.09
752.977	0
753.288	0.09
753.599	-0.03
753.91	0
754.22	-0.06
754.531	0.07
754.842	0.08
755.152	0.1
755.463	0.09
755.773	0.02
756.083	0.06
756.394	-0.02
756.704	-0.04
757.014	-0.05
757.324	0.01
757.634	0.05
757.944	0.02
758.254	0.01
758.564	-0.02
758.874	0.05
759.184	0.02
759.493	-0.02
759.803	-0.01
760.113	-0.05
760.422	-0.03
760.732	0.06
761.041	0.02
761.351	0.03
761.66	-0.03
761.969	-0.03
762.279	0.02
762.588	0.05
762.897	0.04
763.206	0.04
763.515	-0
763.824	-0.02
764.133	-0.04
764.442	-0.06
764.75	-0.06
765.059	-0.19
765.368	-0.09
765.676	-0.06
765.985	0.07
766.293	0.03
766.602	0.04
766.91	0
767.219	0.02
767.527	-0.09
767.835	-0.06
768.143	-0.02
768.451	0.01
768.76	-0.03
769.068	0
769.375	0
769.683	-0.03
769.991	-0.13
770.299	-0.09
770.607	0
770.914	0
771.222	-0.03
771.53	-0.06
771.837	-0.02
772.144	-0.1
772.452	-0.08
772.759	-0.22
773.066	-0.09
773.374	-0.24
773.681	-0.13
773.988	-0.11
774.295	-0.51
774.602	-0.07
774.909	0.01
775.216	0.09
775.523	0
775.829	-0.19
776.136	-0.02
776.443	-0.24
776.749	-0.15
777.056	0.19
777.362	0.02
777.669	-0.11
777.975	-0.19
778.281	-0.06
778.588	-0.04
778.894	0.11
779.2	0.08
779.506	-0.07
779.812	-0.12
780.118	-0.12
780.424	-0.05
780.73	-0.01
781.036	-0.04
781.341	-0.1
781.647	-0.01
781.953	-0.05
782.258	-0.03
782.564	-0.09
782.869	-0.1
783.175	-0.13
783.48	-0.09
783.785	0.01
784.091	0.04
784.396	-0.03
784.701	0.01
785.006	-0.07
785.311	-0.22
785.616	-0.1
785.921	-0.19
786.226	-0.08
786.53	-0.07
786.835	-0.02
787.14	-0.1
787.444	-0.08
787.749	-0.1
788.053	-0.22
788.358	-0.17
788.662	-0.08
788.967	-0.12
789.271	-0.11
789.575	-0.13
789.879	-0.22
790.183	-0.05
790.487	-0.11
790.791	-0.08
791.095	-0.04
791.399	-0.05
791.703	-0.23
792.007	-0.09
792.31	-0.09
792.614	-0.05
792.918	-0.06
793.221	-0.02
793.525	-0.09
793.828	-0.08
794.131	-0.19
794.435	-0.06
794.738	-0.27
795.041	-0.29
795.344	-0.05
795.647	-0.28
795.95	-0.05
796.253	-0.17
796.556	-0
796.859	0.16
797.162	-0.46
797.465	-0
797.767	-0.36
798.07	-0.11
798.372	-0.01
798.675	-0
798.977	-0
799.28	-0.34
799.582	-0.16
799.884	0.22
800.186	-0.07
800.489	-0.44
800.791	-0.7
801.093	-0.17
801.395	-0
801.697	0.14
801.999	-0.21
802.3	-0
802.602	-0
802.904	-0.37
803.205	-0.09
803.507	-0.15
803.809	0.21
804.11	-0
804.411	-0
804.713	-0.18
805.014	-0.12
805.315	-0.73
805.616	-0.01
805.918	-0.12
806.219	0.07
806.52	-0.26
806.821	-0.34
807.121	-0.06
807.422	-0.15
807.723	0.26
808.024	-0.38
808.324	-0
808.625	-1.09
808.926	-0.34
809.226	1.04
809.526	0.52
809.827	0.1
810.127	-0
810.427	-0.25
810.728	0.74
811.028	-0.53
811.328	1.53
811.628	1.19
811.928	-1.52
812.228	-0.36
812.527	-0.68
812.827	-1.79
813.127	-0.06
813.427	-0.64
813.726	-0.35
814.026	-0
814.325	-0.1
814.625	-0.73
814.924	0.08
815.223	0.49
815.523	0.45
815.822	-0
816.121	-0
816.42	-0
816.719	-0.04
817.018	0.24
817.317	0.17
817.616	0.35
817.915	-0.43
818.214	0.18
818.512	-0
818.811	0.23
819.109	-0
819.408	-0.36
819.706	-0
820.005	-0
820.303	-0.54
820.601	-0.05
820.9	-0.33
821.198	-0
821.496	-0
821.794	-0.47
822.092	-0.33
822.39	0.18
822.688	-0.06
822.985	0.77
823.283	0.19
823.581	-0.11
823.879	-0
824.176	-0.19
824.474	-0
824.771	-0
825.068	-0.23
825.366	-0.17
825.663	-0
825.96	0.5
826.257	-0
826.555	-0.03
826.852	-0.15
827.149	0.21
827.446	0.95
827.742	-0.04
828.039	0.38
828.336	-0
828.633	0.17
828.929	0.37
829.226	0.24
829.522	-0.31
829.819	0.33
830.115	-0.01
830.412	0.02
830.708	0.11
831.004	0.25
831.3	1
831.596	-0.35
831.892	-0.84
832.188	-0.11
832.484	-0
832.78	0.16
833.076	-0.07
833.372	0.28
833.668	-0
833.963	0.16
834.259	1.62
834.554	-0.06
834.85	0.65
835.145	0.33
835.441	0.25
835.736	-0.69
836.031	-0.11
836.326	0.87
836.621	0.46
836.916	-0.15
837.211	-0
837.506	1.14
837.801	0.14
838.096	0.53
838.391	-0
838.685	-0
838.98	-1.26
839.275	-0.55
839.569	-0.36
839.864	-0.08
840.158	-0.01
840.452	-0.2
840.747	-0.44
841.041	0.62
841.335	-0.42
841.629	-0.6
841.923	-0.26
842.217	0.25
842.511	-0
842.805	0.08
843.099	0.69
843.393	0.52
843.686	-0.06
843.98	-0
844.273	-0.6
844.567	-0
844.86	-0
845.154	0.09
845.447	-0.11
845.74	-1.13
846.034	-0
846.327	-0.02
846.62	0.31
846.913	-0.52
847.206	-0.51
847.499	0.19
847.792	0.04
848.084	-0
848.377	-0
848.67	-0
848.962	0.46
849.255	-0.25
849.548	-0
849.84	0.17
850.132	0.04
850.425	-0.47
850.717	-0
851.009	0.53
851.301	-0
851.593	-0
851.885	-0
852.177	0.21
852.469	-1.72
852.761	0.29
853.053	0.58
853.345	0.38
853.636	-0.17
853.928	0.28
854.219	-0
854.511	-0.15
854.802	-0.37
855.094	0.18
855.385	0.05
855.676	-0
855.967	-0.05
856.259	-0.32
856.55	0.48
856.841	-0
857.132	-0
857.423	-0.22
857.713	-0
858.004	0.1
858.295	0.15
858.585	0.05
858.876	-0.05
859.167	0.41
859.457	0.22
859.747	-0
860.038	0.47
860.328	0.38
860.618	0.54
860.909	0.68
861.199	0.57
861.489	-0
861.779	-0
862.069	-0.07
862.358	0.25
862.648	-0.01
862.938	-0.9
863.228	0.39
863.517	-0
863.807	-0.39
864.096	-0
864.386	0.21
864.675	1.01
864.965	0.04
865.254	0.08
865.543	0.77
865.832	-0.12
866.121	-0
866.41	0.12
866.699	-0
866.988	0.36
867.277	0.06
867.566	-0.04
867.855	-0.43
868.143	-0.4
868.432	-0
868.72	0.73
869.009	-0
869.297	-0
869.586	0.12
869.874	-0
870.162	-0
870.45	0.26
870.739	0.62
871.027	0.9
871.315	0.09
871.603	0.26
871.89	1.94
872.178	-0.21
872.466	0.02
872.754	-0
873.041	0.08
873.329	0.03
873.616	-0.52
873.904	-0.43
874.191	0.17
874.479	-0.08
874.766	-0.12
875.053	-0.12
