69488.2	0.187137	-6.72913
69493.5	0.187576	-6.61926
69498.7	0.188029	-6.36658
69504	0.188537	-6.04797
69509.2	0.189452	-5.82825
69514.5	0.189719	-5.49866
69519.8	0.190656	-5.21301
69525	0.191352	-4.99329
69530.3	0.191896	-4.65271
69535.5	0.192406	-4.41101
69540.8	0.193391	-4.09241
69546	0.193598	-3.85071
69551.3	0.194387	-3.54309
69556.6	0.194976	-3.32336
69561.8	0.195267	-2.99377
69567.1	0.19609	-2.66418
69572.3	0.196633	-2.4115
69577.6	0.197294	-2.18079
69582.9	0.197768	-1.89514
69588.1	0.198209	-1.47766
69593.4	0.198939	-1.29089
69598.6	0.199182	-0.983276
69603.9	0.199785	-0.675659
69609.1	0.200491	-0.466919
69614.4	0.200698	-0.181274
69619.7	0.201731	0.115356
69624.9	0.202262	0.422974
69630.2	0.202749	0.686646
69635.4	0.203466	0.928345
69640.7	0.203178	1.18103
69645.9	0.204268	1.57654
69651.2	0.20437	1.9281
69656.5	0.204601	2.18079
69661.7	0.205309	2.36755
69667	0.205739	2.69714
69672.2	0.206306	2.91687
69677.5	0.206826	3.14758
69682.8	0.207012	3.41125
69688	0.20781	3.63098
69693.3	0.208135	3.90564
69698.5	0.208609	4.13635
69703.8	0.208957	4.48792
69709	0.209675	4.71863
69714.3	0.209999	4.97131
69719.5	0.209978	5.35583
69724.8	0.2108	5.44373
69730.1	0.21117	5.68542
69735.3	0.210962	5.9491
69740.6	0.211794	6.14685
69745.8	0.212572	6.47644
69751.1	0.212791	6.72913
69756.4	0.21292	7.04773
69761.6	0.213799	7.16858
69766.9	0.213938	7.43225
69772.1	0.214586	7.67395
69777.4	0.21476	7.92664
69782.6	0.215061	8.1134
69787.9	0.21564	8.22327
69793.2	0.21585	8.56384
69798.4	0.216601	8.78357
69803.7	0.216868	8.90442
69808.9	0.21703	9.16809
69814.2	0.218189	9.38782
69819.4	0.218201	9.5636
69824.7	0.218906	9.83826
69830	0.219197	10.036
69835.2	0.21966	10.1788
69840.5	0.21996	10.4095
69845.7	0.220459	10.6842
69851	0.221083	10.86
69856.2	0.221398	10.9479
69861.5	0.221848	11.2115
69866.8	0.222845	11.3544
69872	0.22296	11.4752
69877.3	0.223598	11.5192
69882.5	0.224478	11.8048
69887.8	0.224802	12.0685
69893.1	0.225265	12.2443
69898.3	0.22603	12.3761
69903.6	0.226319	12.5848
69908.8	0.227709	12.7386
69914.1	0.228102	12.8705
69919.3	0.228729	13.0902
69924.6	0.229783	13.1561
69929.9	0.230513	13.3649
69935.1	0.231161	13.5406
69940.4	0.231915	13.4967
69945.6	0.233026	13.8043
69950.9	0.233397	13.8922
69956.1	0.23437	14.1998
69961.4	0.235538	14.3207
69966.7	0.236535	14.5844
69971.9	0.237727	14.4855
69977.2	0.238864	14.9139
69982.4	0.239303	14.892
69987.7	0.240798	15.1556
69993	0.241933	15.4413
69998.2	0.243311	15.65
70003.5	0.244353	15.7599
70008.7	0.245304	16.0126
70014	0.246751	16.1224
70019.2	0.247271	16.485
70024.5	0.248964	16.7816
70029.8	0.250144	16.9354
70035	0.251164	17.3639
70040.3	0.2526	17.5067
70045.5	0.253434	17.8583
70050.8	0.255218	18.0231
70056	0.255334	18.2977
70061.3	0.257442	18.4625
70066.6	0.258346	18.913
70071.8	0.25991	19.0778
70077.1	0.260801	19.3744
70082.3	0.262909	19.7919
70087.6	0.263429	20.1654
70092.9	0.26423	20.484
70098.1	0.265028	20.8795
70103.4	0.266662	21.1542
70108.6	0.266869	21.6486
70113.9	0.268028	21.7804
70119.1	0.269301	22.11
70124.4	0.270205	22.4396
70129.7	0.270054	22.901
70134.9	0.271399	23.2306
70140.2	0.27215	23.5712
70145.4	0.271897	23.8239
70150.7	0.272534	23.9996
70155.9	0.273125	24.2963
70161.2	0.274305	24.5599
70166.5	0.274758	24.6588
70171.7	0.276043	25.0873
70177	0.276229	25.4498
70182.2	0.27683	25.4938
70187.5	0.277896	25.8563
70192.8	0.279877	26.0541
70198	0.280538	26.4496
70203.3	0.281057	26.5155
70208.5	0.281997	27.0099
70213.8	0.28312	27.4164
70219	0.283339	27.6801
70224.3	0.284023	28.0426
70229.5	0.284302	28.4161
70234.8	0.283918	28.7677
70240.1	0.283999	29.0863
70245.3	0.28363	29.295
70250.6	0.282576	29.7015
70255.8	0.281799	29.6027
70261.1	0.282111	29.9323
70266.4	0.280733	30.13
70271.6	0.280538	30.0201
70276.9	0.279958	30.0201
70282.1	0.279331	30.1849
70287.4	0.278788	30.097
70292.6	0.278568	29.8773
70297.9	0.278881	29.8004
70303.2	0.277851	29.7675
70308.4	0.278916	29.3829
70313.7	0.277677	29.1083
70318.9	0.278151	28.9325
70324.2	0.278487	28.6469
70329.4	0.280316	28.1964
70334.7	0.280004	27.6581
70340	0.281138	27.2845
70345.2	0.281823	26.8561
70350.5	0.283489	26.2848
70355.7	0.285761	25.8893
70361	0.28898	25.4169
70366.2	0.290625	24.9774
70371.5	0.293198	24.2963
70376.8	0.29747	23.8898
70382	0.300794	23.4393
70387.3	0.305324	22.8351
70392.5	0.309563	22.4506
70397.8	0.314844	22.1649
70403.1	0.320764	21.7584
70408.3	0.326612	21.2091
70413.6	0.331674	21.1432
70418.8	0.338855	20.8795
70424.1	0.344646	20.5499
70429.3	0.3528	20.2972
70434.6	0.360792	20.2094
70439.9	0.368018	20.2643
70445.1	0.376544	20.2094
70450.4	0.386274	20.2753
70455.6	0.394356	20.3632
70460.9	0.403576	20.473
70466.1	0.413074	20.8026
70471.4	0.42417	20.9894
70476.7	0.43376	21.4728
70481.9	0.44342	21.5497
70487.2	0.454817	22.0441
70492.4	0.465496	22.6593
70497.7	0.477819	23.0109
70503	0.489218	23.6261
70508.2	0.500546	24.2523
70513.5	0.513425	24.9664
70518.7	0.524845	25.5707
70524	0.538583	26.4386
70529.2	0.550489	27.1747
70534.5	0.562835	27.9767
70539.8	0.576735	28.9984
70545	0.589638	29.7675
70550.3	0.602772	30.7562
70555.5	0.616324	31.767
70560.8	0.630987	32.6569
70566	0.643241	33.8873
70571.3	0.658529	34.9969
70576.6	0.672498	36.0297
70581.8	0.685587	37.1942
70587.1	0.699716	38.4247
70592.3	0.71445	39.6552
70597.6	0.727723	40.8856
70602.9	0.741553	42.204
70608.1	0.755544	43.5004
70613.4	0.770972	44.9176
70618.6	0.784755	46.3568
70623.9	0.79951	47.796
70629.1	0.81392	49.2352
70634.4	0.826383	50.6744
70639.7	0.840142	52.2894
70644.9	0.85279	53.8715
70650.2	0.866041	55.4425
70655.4	0.878966	57.1234
70660.7	0.891013	58.7714
70665.9	0.903707	60.5072
70671.2	0.914733	62.2101
70676.5	0.924878	63.9349
70681.7	0.934701	65.7257
70687	0.944152	67.5055
70692.2	0.953465	69.3073
70697.5	0.96148	71.087
70702.8	0.96982	72.9327
70708	0.976536	74.8224
70713.3	0.981679	76.712
70718.5	0.987701	78.5907
70723.8	0.992892	80.4803
70729	0.995347	82.403
70734.3	0.9991	84.2816
70739.5	1.00081	86.1383
70744.8	1.00109	88.017
70750.1	1.00169	89.9506
70755.3	1.00156	91.8457
70760.6	1.00095	93.7134
70765.8	0.998034	95.592
70771.1	0.994837	97.4267
70776.4	0.991223	99.3054
70781.6	0.98659	101.085
70786.9	0.982141	102.953
70792.1	0.976074	104.799
70797.4	0.968196	106.501
70802.6	0.961711	108.325
70807.9	0.952861	110.039
70813.2	0.944524	111.742
70818.4	0.936878	113.379
70823.7	0.926316	115.06
70828.9	0.917141	116.62
70834.2	0.906949	118.312
70839.4	0.896988	119.85
70844.7	0.885637	121.377
70850	0.875213	122.816
70855.2	0.862613	124.233
70860.5	0.851955	125.728
70865.7	0.841208	127.09
70871	0.828652	128.485
70876.2	0.817673	129.814
70881.5	0.805998	131.078
70886.8	0.794137	132.341
70892	0.78362	133.572
70897.3	0.771134	134.802
70902.5	0.759459	136
70907.8	0.74908	137.01
70913.1	0.738032	138.23
70918.3	0.726681	139.34
70923.6	0.715237	140.361
70928.8	0.704372	141.438
70934.1	0.695386	142.449
70939.3	0.683825	143.503
70944.6	0.673146	144.525
70949.9	0.662837	145.371
70955.1	0.652947	146.272
70960.4	0.643287	147.217
70965.6	0.634391	148.118
70970.9	0.622902	148.909
70976.1	0.614793	149.744
70981.4	0.605829	150.721
70986.7	0.59617	151.501
70991.9	0.585399	152.139
70997.2	0.577683	152.941
71002.4	0.569808	153.666
71007.7	0.561099	154.424
71013	0.551438	155.05
71018.2	0.544536	155.709
71023.5	0.535245	156.489
71028.7	0.52825	157.148
71034	0.520954	157.61
71039.2	0.513842	158.335
71044.5	0.504529	158.807
71049.8	0.500035	159.434
71055	0.491533	160.06
71060.3	0.484283	160.598
71065.5	0.478075	161.082
71070.8	0.471311	161.51
71076	0.465474	162.114
71081.3	0.459173	162.499
71086.6	0.453336	163.114
71091.8	0.44759	163.51
71097.1	0.441265	164.147
71102.3	0.434988	164.542
71107.6	0.429938	164.828
71112.9	0.423753	165.245
71118.1	0.419815	165.784
71123.4	0.414557	166.223
71128.6	0.40946	166.575
71133.9	0.404713	167.003
71139.1	0.39943	167.366
71144.4	0.395377	167.86
71149.7	0.390906	168.19
71154.9	0.38662	168.398
71160.2	0.381663	168.739
71165.4	0.377192	169.244
71170.7	0.37323	169.519
71175.9	0.369432	169.926
71181.2	0.364892	170.233
71186.5	0.361695	170.552
71191.7	0.35866	170.881
71197	0.353959	171.222
71202.2	0.34965	171.541
71207.5	0.347033	171.98
71212.8	0.344367	172.024
71218	0.339572	172.397
71223.3	0.336862	172.991
71228.5	0.333133	172.991
71233.8	0.329912	173.287
71239	0.327945	173.672
71244.3	0.324144	173.881
71249.5	0.321968	174.276
71254.8	0.318747	174.551
71260.1	0.316176	174.836
71265.3	0.313327	175.221
71270.6	0.31116	175.364
71275.8	0.308056	175.726
71281.1	0.306203	175.946
71286.4	0.302532	176.232
71291.6	0.299914	176.561
71296.9	0.2982	176.781
71302.1	0.296161	177.144
71307.4	0.29403	177.341
71312.6	0.2911	177.649
71317.9	0.289166	177.825
71323.2	0.286827	178.132
71328.4	0.283723	178.484
71333.7	0.281961	178.879
71338.9	0.280919	179.154
71344.2	0.278718	179.374
71349.4	0.275869	179.714
71354.7	0.274966	180.049
71360	0.27251	180.214
71365.2	0.271063	180.533
71370.5	0.269337	180.84
71375.7	0.267172	181.181
71381	0.265296	181.478
71386.2	0.263314	181.796
71391.5	0.26139	182.093
71396.8	0.259943	182.346
71402	0.258241	182.697
71407.3	0.255995	183.027
71412.5	0.254533	183.444
71417.8	0.2526	183.686
71423.1	0.250921	183.906
71428.3	0.249472	184.323
71433.6	0.247967	184.653
71438.8	0.246508	185.004
71444.1	0.244052	185.169
71449.3	0.243416	185.554
71454.6	0.24111	185.938
71459.9	0.239825	186.092
71465.1	0.238192	186.542
71470.4	0.23649	186.685
71475.6	0.235076	187.125
71480.9	0.2335	187.542
71486.1	0.231683	187.828
71491.4	0.230465	188.245
71496.7	0.228984	188.476
71501.9	0.226967	188.86
71507.2	0.225832	189.157
71512.4	0.224118	189.564
71517.7	0.222659	189.75
71523	0.220759	190.201
71528.2	0.219126	190.519
71533.5	0.218096	190.838
71538.7	0.216196	191.025
71544	0.214667	191.431
71549.2	0.213706	191.75
71554.5	0.211957	191.926
71559.8	0.210741	192.233
71565	0.209005	192.695
71570.3	0.207973	193.079
71575.5	0.20642	193.288
71580.8	0.204706	193.661
71586	0.203466	193.87
71591.3	0.202563	194.299
71596.6	0.200617	194.474
71601.8	0.199761	194.881
71607.1	0.198243	195.178
71612.3	0.196691	195.562
71617.6	0.195186	195.848
71622.9	0.194538	196.122
71628.1	0.192766	196.43
71633.4	0.19207	196.705
71638.6	0.190241	197.045
71643.9	0.188549	197.265
71649.1	0.187137	197.737
71654.4	0.186059	197.957
71659.7	0.184669	198.254
71664.9	0.183337	198.474
71670.2	0.182157	198.858
71675.4	0.180929	199.199
71680.7	0.179515	199.462
71685.9	0.177987	199.66
71691.2	0.176978	200.023
71696.5	0.1756	200.33
71701.7	0.174408	200.594
71707	0.17318	200.869
71712.2	0.17216	201.154
71717.5	0.170689	201.385
71722.8	0.169866	201.835
71728	0.168402	201.945
71733.3	0.166965	202.407
71738.5	0.166044	202.451
71743.8	0.164711	202.791
71749	0.163276	203.132
71754.3	0.162668	203.384
71759.5	0.161278	203.879
71764.8	0.16037	203.901
71770.1	0.158916	204.077
71775.3	0.157926	204.516
71780.6	0.156274	204.879
71785.8	0.155532	204.846
71791.1	0.154271	205.219
71796.4	0.152974	205.417
71801.6	0.152776	205.681
71806.9	0.150867	205.889
71812.1	0.149736	206.285
71817.4	0.148764	206.548
71822.6	0.1475	206.702
71827.9	0.146296	206.922
71833.2	0.145659	207.175
71838.4	0.144014	207.296
71843.7	0.142961	207.46
71848.9	0.142121	207.702
71854.2	0.141137	207.9
71859.4	0.13988	208.196
71864.7	0.138855	208.339
71870	0.137906	208.46
71875.2	0.136869	208.757
71880.5	0.135503	208.845
71885.7	0.134454	208.911
71891	0.133736	209.251
71896.2	0.132444	209.273
71901.5	0.1318	209.526
71906.8	0.130608	209.647
71912	0.129769	209.822
71917.3	0.129242	209.745
71922.5	0.128047	210.053
71927.8	0.127203	210.108
71933.1	0.126462	210.24
71938.3	0.125263	210.218
71943.6	0.124719	210.427
71948.8	0.123827	210.416
71954.1	0.123277	210.482
71959.3	0.122437	210.493
71964.6	0.122106	210.778
71969.9	0.121515	210.866
71975.1	0.120583	210.811
71980.4	0.120125	211.053
71985.6	0.119598	210.998
71990.9	0.118783	211.426
71996.1	0.118117	211.602
72001.4	0.117977	211.591
72006.7	0.117347	211.657
