75943.7	0.109887	50.1801
75958.7	0.108845	50.6744
75973.8	0.107155	51.6193
75988.9	0.105608	52.4872
76004	0.104165	53.3771
76019	0.102427	54.3549
76034.1	0.10134	55.2557
76049.2	0.0995779	56.1566
76064.3	0.0981307	57.2443
76079.4	0.096457	58.1012
76094.4	0.0948071	59.0021
76109.5	0.0936317	59.9249
76124.6	0.0917768	61.0126
76139.7	0.0903988	62.0123
76154.8	0.0885582	63.1549
76169.8	0.0867224	64.1107
76184.9	0.0853705	65.3632
76200	0.0838256	66.4288
76215.1	0.0816703	67.5494
76230.1	0.0800538	68.5272
76245.2	0.0783587	69.6478
76260.3	0.0765204	71.0651
76275.4	0.0746059	72.2516
76290.4	0.0728703	73.548
76305.5	0.0705886	74.7894
76320.6	0.068419	75.7892
76335.7	0.066514	77.0306
76350.8	0.0647044	78.2611
76365.8	0.0621843	79.6893
76380.9	0.0601292	80.766
76396	0.0580692	82.1832
76411.1	0.0559187	83.0731
76426.1	0.053761	84.4574
76441.2	0.0514102	85.4132
76456.3	0.0491953	86.6437
76471.4	0.0469232	87.8192
76486.5	0.0448871	89.2584
76501.5	0.0425506	90.2966
76516.6	0.0404191	91.1426
76531.7	0.0381517	92.406
76546.8	0.0362086	92.8235
76561.8	0.0343347	94.1638
76576.9	0.0320172	95.7458
76592	0.0300241	96.7896
76607.1	0.0278807	98.042
76622.2	0.0259662	99.3274
76637.2	0.0240564	100.811
76652.3	0.0218391	101.733
76667.4	0.0199628	103.535
76682.5	0.0185227	104.711
76697.5	0.0164342	106.249
76712.6	0.0143385	107.93
76727.7	0.0127196	111.204
76742.8	0.0110364	115.444
76757.9	0.00933647	119.344
76772.9	0.00783443	124.991
76788	0.00649214	135.055
76803.1	0.00505686	152.007
76818.2	0.00437975	168.475
76833.2	0.00452995	196.43
76848.3	0.00534296	219.853
76863.4	0.00672102	235.75
76878.5	0.00830412	247.187
76893.6	0.0105071	253.768
76908.6	0.0123429	259.876
76923.7	0.0143528	264.007
76938.8	0.0167441	268.138
76953.9	0.0185418	-87.171
76968.9	0.0200939	-84.8639
76984	0.0218773	-82.1283
76999.1	0.0233316	-80.9528
77014.2	0.0247598	-80.5902
77029.2	0.0268531	-80.1288
77044.3	0.0289416	-80.4913
77059.4	0.0314474	-79.4806
77074.5	0.0339961	-79.151
77089.6	0.0365686	-77.569
77104.6	0.0388694	-76.0199
77119.7	0.0415111	-74.0204
77134.8	0.0437331	-72.3395
77149.9	0.045743	-70.4608
77164.9	0.0469995	-69.7357
77180	0.0489283	-68.8458
77195.1	0.0506496	-68.725
77210.2	0.0528407	-68.9227
77225.3	0.0562477	-68.2526
77240.3	0.0596714	-67.121
77255.4	0.0629425	-65.6158
77270.5	0.0659513	-64.0448
77285.6	0.068593	-62.309
77300.6	0.0716734	-60.0238
77315.7	0.0740576	-58.277
77330.8	0.0762844	-56.1127
77345.9	0.0782728	-54.1681
77361	0.0796247	-52.0148
77376	0.080781	-50.3448
77391.1	0.0811052	-48.2684
77406.2	0.0821114	-46.6425
77421.3	0.081954	-45.2252
77436.3	0.0817108	-43.6102
77451.4	0.0815558	-42.7753
77466.5	0.0805569	-42.149
77481.6	0.0796652	-41.8414
77496.7	0.0788879	-41.7206
77511.7	0.0781894	-42.3798
77526.8	0.0771761	-43.2916
77541.9	0.0769806	-44.4122
77557	0.0773549	-46.5985
77572	0.0780559	-48.7518
77587.1	0.0807738	-51.1688
77602.2	0.0849509	-53.7396
77617.3	0.0907564	-55.3766
77632.4	0.0980163	-55.6073
77647.4	0.105097	-54.3549
77662.5	0.110843	-52.2015
77677.6	0.114486	-49.8395
77692.7	0.115898	-48.1036
77707.7	0.116878	-47.0709
77722.8	0.118413	-47.2137
77737.9	0.120971	-46.8073
77753	0.12418	-46.4777
77768.1	0.127122	-46.17
77783.1	0.131176	-45.9283
77798.2	0.134871	-45.5878
77813.3	0.139098	-44.8297
77828.4	0.143025	-44.3793
77843.4	0.147572	-43.9948
77858.5	0.152233	-43.006
77873.6	0.157015	-42.3248
77888.7	0.162146	-41.2701
77903.8	0.167127	-40.1935
77918.8	0.171933	-39.0839
77933.9	0.176568	-37.8314
77949	0.181842	-36.3922
77964.1	0.186615	-34.942
77979.1	0.191433	-33.2941
77994.2	0.195231	-31.6022
78009.3	0.198627	-29.6356
78024.4	0.201185	-27.691
78039.5	0.202472	-25.5707
78054.5	0.202112	-23.67
78069.6	0.199506	-22.2858
78084.7	0.196204	-21.3409
78099.8	0.192893	-21.4508
78114.8	0.192766	-22.2418
78129.9	0.19449	-23.2086
78145	0.200629	-23.7799
78160.1	0.206468	-23.4393
78175.1	0.21132	-22.868
78190.2	0.216081	-22.0111
78205.3	0.220251	-21.4728
78220.4	0.224442	-20.7697
78235.5	0.22866	-20.1874
78250.5	0.233176	-19.5392
78265.6	0.237381	-18.7592
78280.7	0.242002	-18.056
78295.8	0.24704	-17.3199
78310.9	0.251939	-16.5619
78325.9	0.25692	-15.7379
78341	0.261762	-14.7491
78356.1	0.266452	-13.7823
78371.2	0.271339	-12.7386
78386.2	0.275395	-11.7279
78401.3	0.278881	-10.7062
78416.4	0.282922	-9.90417
78431.5	0.286965	-9.01428
78446.5	0.291054	-8.21228
78461.6	0.295489	-7.43225
78476.7	0.299983	-6.65222
78491.8	0.304432	-5.77332
78506.9	0.309227	-4.88342
78521.9	0.313327	-4.09241
78537	0.318005	-3.1366
78552.1	0.321968	-2.43347
78567.2	0.326414	-1.80725
78582.2	0.332112	-0.961304
78597.3	0.337996	-0.181274
78612.4	0.34307	0.730591
78627.5	0.348399	1.67542
78642.6	0.353518	2.51038
78657.6	0.358777	3.47717
78672.7	0.362296	4.38904
78687.8	0.367208	5.21301
78702.9	0.371029	5.99304
78717.9	0.375431	6.56433
78733	0.380366	7.09167
78748.1	0.385253	7.50916
78763.2	0.391786	7.83875
78778.3	0.398805	8.32214
78793.3	0.406635	8.80554
78808.4	0.416596	9.19006
78823.5	0.426905	9.69543
78838.6	0.437653	10.3656
78853.6	0.448956	11.1346
78868.7	0.462809	11.9586
78883.8	0.475039	13.0133
78898.9	0.48806	14.101
78914	0.501912	15.2765
78929	0.516691	16.5948
78944.1	0.529733	17.9901
78959.2	0.543098	19.4293
78974.3	0.556674	21.0443
78989.3	0.570085	22.7252
79004.4	0.581946	24.4611
79019.5	0.59485	26.2189
79034.6	0.604811	28.0206
79049.6	0.614192	29.7784
79064.7	0.622578	31.6132
79079.8	0.629735	33.382
79094.9	0.636616	35.1288
79110	0.641041	36.7877
79125	0.645394	38.3698
79140.1	0.649147	39.6442
79155.2	0.652831	40.7208
79170.3	0.65876	41.7096
79185.4	0.665758	42.4567
79200.4	0.677664	43.2697
79215.5	0.693069	44.1815
79230.6	0.709145	45.3241
79245.7	0.724642	46.7194
79260.7	0.739398	48.2684
79275.8	0.755754	49.7296
79290.9	0.771065	51.3007
79306	0.785565	52.8827
79321	0.802476	54.4977
79336.1	0.819247	56.1676
79351.2	0.834954	57.9694
79366.3	0.85228	59.903
79381.4	0.868449	61.7706
79396.4	0.885313	63.7592
79411.5	0.901575	65.9125
79426.6	0.91603	68.0219
79441.7	0.931458	70.4169
79456.8	0.94341	72.6691
79471.8	0.955365	74.9542
79486.9	0.96565	77.4261
79502	0.97297	79.8651
79517.1	0.979733	82.2821
79532.1	0.982189	84.6112
79547.2	0.985432	86.8085
79562.3	0.986128	89.2584
79577.4	0.985663	91.3513
79592.4	0.982282	93.4607
79607.5	0.981123	95.4822
79622.6	0.976861	97.3718
79637.7	0.97487	99.2175
79652.8	0.973248	100.844
79667.8	0.970328	102.524
79682.9	0.969958	104.183
79698	0.970469	105.776
79713.1	0.971024	107.314
79728.1	0.974777	108.82
79743.2	0.976768	110.325
79758.3	0.982096	111.951
79773.4	0.986545	113.708
79788.5	0.993865	115.334
79803.5	0.99998	117.114
79818.6	1.00559	118.861
79833.7	1.01045	120.696
79848.8	1.01819	122.476
79863.8	1.02643	124.343
79878.9	1.03639	126.233
79894	1.04635	128.441
79909.1	1.05511	130.682
79924.2	1.06415	133.099
79939.2	1.06938	135.582
79954.3	1.07439	138.12
79969.4	1.07591	140.834
79984.5	1.0754	143.591
79999.5	1.07262	146.349
80014.6	1.06595	149.15
80029.7	1.05845	151.897
80044.8	1.04617	154.764
80059.9	1.03209	157.478
80074.9	1.01494	160.093
80090	0.997152	162.697
80105.1	0.977557	165.026
80120.2	0.957172	167.421
80135.2	0.936785	169.618
80150.3	0.917234	171.804
80165.4	0.897961	173.793
80180.5	0.876741	175.902
80195.6	0.857563	177.88
80210.6	0.837085	179.868
80225.7	0.815725	182.016
80240.8	0.792143	183.994
80255.9	0.765643	185.839
80270.9	0.736549	187.278
80286	0.70699	188.179
80301.1	0.683455	188.839
80316.2	0.666127	188.86
80331.2	0.654731	189.047
80346.3	0.648012	189.278
80361.4	0.645604	189.981
80376.5	0.643055	191.179
80391.6	0.637634	192.629
80406.6	0.626886	194.244
80421.7	0.612478	195.441
80436.8	0.599761	196.265
80451.9	0.589893	197.21
80466.9	0.579121	198.1
80482	0.570109	198.847
80497.1	0.56119	199.572
80512.2	0.552528	200.209
80527.3	0.545716	200.88
80542.3	0.538235	201.528
80557.4	0.531654	202.33
80572.5	0.526721	202.934
80587.6	0.521879	203.626
80602.6	0.516992	204.241
80617.7	0.512545	204.955
80632.8	0.508652	205.681
80647.9	0.504854	206.351
80663	0.501401	207.109
80678	0.498276	207.933
80693.1	0.49561	208.636
80708.2	0.494082	209.328
80723.3	0.491812	210.207
80738.3	0.490515	211.24
80753.4	0.488663	211.976
80768.5	0.487943	212.822
80783.6	0.48697	213.799
80798.7	0.486135	214.777
80813.7	0.485141	215.788
80828.8	0.485303	216.92
80843.9	0.484562	217.996
80859	0.484006	219.106
80874	0.484307	220.369
80889.1	0.484006	221.622
80904.2	0.484445	222.962
80919.3	0.4844	224.434
80934.4	0.483751	225.786
80949.4	0.483172	227.269
80964.5	0.482106	228.884
80979.6	0.481133	230.609
80994.7	0.479302	232.234
81009.7	0.47636	233.992
81024.8	0.473559	235.794
81039.9	0.470061	237.618
81055	0.465496	239.507
81070.1	0.459452	241.309
81085.1	0.45264	243.023
81100.2	0.444856	244.616
81115.3	0.43587	245.88
81130.4	0.428803	246.879
81145.4	0.424101	247.495
81160.5	0.423801	248.044
81175.6	0.427644	249
81190.7	0.435197	250.692
81205.8	0.43932	253.262
81220.8	0.438881	256.295
81235.9	0.432186	259.206
81251	0.423708	261.777
81266.1	0.416341	264.051
81281.1	0.408187	266.369
81296.2	0.399153	268.709
81311.3	0.38991	-89.0387
81326.4	0.380111	-86.9623
81341.5	0.369711	-84.798
81356.5	0.359819	-82.8864
81371.6	0.350182	-80.8759
81386.7	0.340917	-78.9752
81401.8	0.331326	-76.9867
81416.8	0.32198	-75.0641
81431.9	0.312157	-72.7899
81447	0.301199	-70.6036
81462.1	0.289118	-68.4503
81477.1	0.276158	-66.4838
81492.2	0.263534	-64.7699
81507.3	0.250654	-63.4735
81522.4	0.238504	-62.1222
81537.5	0.226493	-61.1224
81552.5	0.214818	-60.2325
81567.6	0.203676	-59.8151
81582.7	0.19367	-59.3976
81597.8	0.184171	-59.2767
81612.9	0.174916	-59.3097
81627.9	0.167105	-59.7491
81643	0.159633	-60.2216
81658.1	0.153129	-60.8588
81673.2	0.146985	-61.7157
81688.2	0.141976	-62.4738
81703.3	0.137117	-63.5065
81718.4	0.132618	-64.8248
81733.5	0.129433	-65.8795
81748.5	0.126576	-67.1869
81763.6	0.124047	-68.3844
81778.7	0.122373	-69.7028
81793.8	0.120468	-70.8783
81808.9	0.119314	-72.0428
81823.9	0.118997	-73.3282
81839	0.118361	-74.0643
81854.1	0.118535	-75.0201
81869.2	0.118556	-75.6793
81884.2	0.119102	-76.3605
81899.3	0.119581	-76.7999
81914.4	0.120165	-77.0306
81929.5	0.120687	-77.4261
81944.6	0.12202	-77.536
81959.6	0.12326	-77.4152
81974.7	0.124164	-77.1954
81989.8	0.124829	-76.712
82004.9	0.126033	-76.3055
82019.9	0.126629	-75.8331
82035	0.127046	-75.1959
82050.1	0.128152	-74.6246
82065.2	0.127962	-73.9984
82080.3	0.128541	-73.2074
82095.3	0.128818	-72.5482
82110.4	0.128963	-71.8671
82125.5	0.129507	-71.131
82140.6	0.130203	-70.34
82155.6	0.130835	-69.3402
82170.7	0.131471	-68.1757
82185.8	0.131621	-66.9891
82200.9	0.131605	-65.6049
82216	0.131049	-64.3195
82231	0.129786	-63.089
82246.1	0.128326	-62.243
82261.2	0.127509	-61.4081
82276.3	0.12609	-61.1554
82291.3	0.126352	-60.8148
82306.4	0.126588	-60.639
82321.5	0.128119	-60.1227
82336.6	0.130134	-59.4525
82351.6	0.132298	-58.233
82366.7	0.135126	-56.9037
82381.8	0.137749	-55.0909
82396.9	0.139828	-53.0475
82412	0.141878	-50.6195
82427	0.143094	-47.7301
82442.1	0.144172	-45.0055
82457.2	0.144334	-42.149
82472.3	0.143633	-39.0179
82487.4	0.142307	-36.0406
82502.4	0.1408	-33.0963
82517.5	0.138402	-30.108
82532.6	0.136018	-27.1967
82547.7	0.133121	-24.3073
82562.7	0.130451	-21.5607
82577.8	0.127215	-19.0118
82592.9	0.123994	-16.3861
82608	0.120902	-13.6395
82623	0.117445	-11.1786
82638.1	0.114021	-8.82751
82653.2	0.110621	-6.22375
82668.3	0.107548	-3.99353
82683.4	0.104282	-1.47766
82698.4	0.101078	0.752563
82713.5	0.0982404	3.16956
82728.6	0.0951838	5.58655
82743.7	0.0921488	7.97058
82758.8	0.08919	10.4645
82773.8	0.0865483	12.6727
82788.9	0.0838327	15.0348
82804	0.080986	17.6056
82819.1	0.0784469	20.1544
82834.1	0.0758672	22.5494
82849.2	0.0732827	25.1752
82864.3	0.0709057	27.9877
82879.4	0.0684643	30.6024
82894.4	0.0662851	33.4479
82909.5	0.0641656	36.2604
82924.6	0.0617266	39.1388
82939.7	0.0598502	42.3138
82954.8	0.0577402	45.2692
82969.8	0.0558233	48.4882
82984.9	0.0537729	51.6083
83000	0.05229	55.2777
83015.1	0.0508022	58.288
83030.1	0.049212	62.0782
83045.2	0.0480604	65.7037
83060.3	0.0470543	69.6149
83075.4	0.046041	73.6578
83090.5	0.045433	77.8546
83105.5	0.0446987	81.8756
83120.6	0.0441647	86.6656
83135.7	0.0438762	91.3184
83150.8	0.0439835	96.2073
83165.8	0.0434041	101.305
