3.200000000000000067e-02 1.700000000000000000e+02
3.400000000000000244e-02 2.900000000000000000e+02
2.139999999999999958e-01 -1.300000000000000000e+02
2.630000000000000115e-01 -7.000000000000000000e+01
2.750000000000000222e-01 -1.850000000000000000e+02
2.750000000000000222e-01 -2.200000000000000000e+02
4.500000000000000111e-01 2.000000000000000000e+02
5.000000000000000000e-01 2.900000000000000000e+02
5.000000000000000000e-01 2.700000000000000000e+02
6.300000000000000044e-01 2.000000000000000000e+02
8.000000000000000444e-01 3.000000000000000000e+02
9.000000000000000222e-01 -3.000000000000000000e+01
9.000000000000000222e-01 6.500000000000000000e+02
9.000000000000000222e-01 1.500000000000000000e+02
9.000000000000000222e-01 5.000000000000000000e+02
1.000000000000000000e+00 9.200000000000000000e+02
1.100000000000000089e+00 4.500000000000000000e+02
1.100000000000000089e+00 5.000000000000000000e+02
1.399999999999999911e+00 5.000000000000000000e+02
1.699999999999999956e+00 9.600000000000000000e+02
2.000000000000000000e+00 5.000000000000000000e+02
2.000000000000000000e+00 8.500000000000000000e+02
2.000000000000000000e+00 8.000000000000000000e+02
2.000000000000000000e+00 1.090000000000000000e+03