0.000000000000000000e+00 7.337038667429799377e-01
4.166666666666666852e-01 6.399064634627834591e-01
8.333333333333333703e-01 6.335048403589496058e-01
1.250000000000000000e+00 5.213490507702988053e-01
1.666666666666666741e+00 3.841346568325379462e-01
2.083333333333333481e+00 3.955647780304284988e-01
2.500000000000000000e+00 3.747732077025334729e-01
2.916666666666666963e+00 3.085645920826733946e-01
3.333333333333333481e+00 3.967916034847336348e-01
3.750000000000000000e+00 3.034218981874245991e-01
4.166666666666666963e+00 3.618789178867136136e-01
4.583333333333333925e+00 4.024324801453442180e-01
5.000000000000000000e+00 4.139004832662686040e-01
5.416666666666666963e+00 4.672587205041767722e-01
5.833333333333333925e+00 5.212716385593384461e-01
6.250000000000000000e+00 5.858933857737758100e-01
6.666666666666666963e+00 5.062129269405476473e-01
7.083333333333333925e+00 5.888861873920320233e-01
7.500000000000000000e+00 6.157695594672250028e-01
7.916666666666666963e+00 5.636958522494053270e-01
8.333333333333333925e+00 5.211643392873409608e-01
8.750000000000000000e+00 6.706755189626267821e-01
9.166666666666667851e+00 5.449432697567747619e-01
9.583333333333333925e+00 5.163459779180865628e-01
1.000000000000000000e+01 5.626737712712260864e-01