9.999999999999998890e-01
9.385455214500809662e-01
8.810926856101685134e-01
8.275785561276002289e-01
7.779072427403784795e-01
7.319570470042192634e-01
6.895869694224295854e-01
6.506425199560115225e-01
6.149608104199073555e-01
5.823749367480092198e-01
5.527176817573198342e-01
5.258245854052691071e-01
5.015364403630286905e-01
4.797012768751154344e-01
4.601759032193047938e-01
4.428270674631488157e-01
4.275323034007755818e-01
4.141805192126937762e-01
4.026723820777514118e-01
3.929205461239587693e-01
3.848497650713667007e-01
3.783969249376568089e-01
3.735110264045574113e-01
3.701531409699282404e-01
3.682963598689976692e-01
3.679257499268703269e-01
3.690383259574004926e-01
3.716430449809265957e-01
3.757608233093309158e-01
3.814245733469793787e-01
3.886792526842172690e-01
3.975819136252032315e-01
4.082017366151002302e-01
4.206200260541148594e-01
4.349301416775354645e-01
4.512373330506908031e-01
4.696584388350060202e-01
4.903214064485544310e-01
5.133645817705541070e-01
5.389357129126148838e-01
5.671906071898747959e-01
5.982913767718686104e-01
6.324042066878259316e-01
6.696965796228144807e-01
7.103338960780637423e-01
7.544754368471425776e-01
8.022696282535801693e-01
8.538485900177733567e-01
9.093219716323260871e-01
9.687701161248498671e-01
1.032236630089367724e+00
1.099720485368783196e+00
1.171167829625607171e+00
1.246463738352963535e+00
1.325424196947847522e+00
1.407788654773842740e+00
1.493213539425897851e+00
1.581267153862609520e+00
1.671426396608930665e+00
1.763075740895047039e+00
1.855508878035967646e+00
1.947933370376037088e+00
2.039478568237714562e+00
2.129206924250127919e+00
2.216128690503679888e+00
2.299219815262693256e+00
2.377442675236165481e+00
2.449769097731486767e+00
2.515204957091410343e+00
2.572815484989240620e+00
2.621750327266688441e+00
2.661267322103953781e+00
2.690753973483674066e+00
2.709745654210001575e+00
2.717939693535345036e+00
2.715204680154042816e+00
2.701584531687768020e+00
2.677297132633722043e+00
2.642727607167409953e+00
2.598416553053006339e+00
2.545043800495277786e+00
2.483408459353716236e+00
2.414406167390191982e+00
2.339004543155149829e+00
2.258217876627918841e+00
2.173082060586366993e+00
2.084630682065784502e+00
1.993873065885635176e+00
1.901774903182340770e+00
1.809241920433200201e+00
1.717106861747889512e+00
1.626119881228171860e+00
1.536942282941495819e+00
1.450143410971874269e+00
1.366200385791538352e+00
1.285500307822360133e+00
1.208344504090574922e+00
1.134954376913804630e+00
1.065478420753603439e+00
1.000000000000000222e+00
