-3.141592653589793116e+00
-3.078126135335453650e+00
-3.014659617081114629e+00
-2.951193098826775163e+00
-2.887726580572436141e+00
-2.824260062318096676e+00
-2.760793544063757654e+00
-2.697327025809418188e+00
-2.633860507555079167e+00
-2.570393989300739701e+00
-2.506927471046400679e+00
-2.443460952792061214e+00
-2.379994434537722192e+00
-2.316527916283382726e+00
-2.253061398029043261e+00
-2.189594879774704239e+00
-2.126128361520365218e+00
-2.062661843266025752e+00
-1.999195325011686508e+00
-1.935728806757347265e+00
-1.872262288503008021e+00
-1.808795770248668777e+00
-1.745329251994329534e+00
-1.681862733739990290e+00
-1.618396215485650824e+00
-1.554929697231311581e+00
-1.491463178976972337e+00
-1.427996660722633093e+00
-1.364530142468293850e+00
-1.301063624213954606e+00
-1.237597105959615362e+00
-1.174130587705276119e+00
-1.110664069450936875e+00
-1.047197551196597409e+00
-9.837310329422583877e-01
-9.202645146879189220e-01
-8.567979964335799004e-01
-7.933314781792404347e-01
-7.298649599249014130e-01
-6.663984416705619473e-01
-6.029319234162229257e-01
-5.394654051618834600e-01
-4.759988869075444384e-01
-4.125323686532049727e-01
-3.490658503988659511e-01
-2.855993321445264854e-01
-2.221328138901874638e-01
-1.586662956358479981e-01
-9.519977738150853241e-02
-3.173325912716951080e-02
3.173325912716995489e-02
9.519977738150897650e-02
1.586662956358484422e-01
2.221328138901874638e-01
2.855993321445269295e-01
3.490658503988659511e-01
4.125323686532054168e-01
4.759988869075444384e-01
5.394654051618839041e-01
6.029319234162229257e-01
6.663984416705623914e-01
7.298649599249014130e-01
7.933314781792408787e-01
8.567979964335799004e-01
9.202645146879193661e-01
9.837310329422583877e-01
1.047197551196598297e+00
1.110664069450937319e+00
1.174130587705276341e+00
1.237597105959615362e+00
1.301063624213955272e+00
1.364530142468294294e+00
1.427996660722633315e+00
1.491463178976972337e+00
1.554929697231312247e+00
1.618396215485651268e+00
1.681862733739990290e+00
1.745329251994329312e+00
1.808795770248669221e+00
1.872262288503008243e+00
1.935728806757347265e+00
1.999195325011687174e+00
2.062661843266026196e+00
2.126128361520365218e+00
2.189594879774704239e+00
2.253061398029044149e+00
2.316527916283383171e+00
2.379994434537722192e+00
2.443460952792061214e+00
2.506927471046401124e+00
2.570393989300740145e+00
2.633860507555079167e+00
2.697327025809418188e+00
2.760793544063758098e+00
2.824260062318097120e+00
2.887726580572436141e+00
2.951193098826776051e+00
3.014659617081115073e+00
3.078126135335454094e+00
3.141592653589793116e+00
