0.000000000000000000e+00 1.264444884457894069e+01
4.166666666666666852e-01 1.069062042251489331e+01
8.333333333333333703e-01 1.590994964566163361e+01
1.250000000000000000e+00 1.024668819116481799e+01
1.666666666666666741e+00 1.595884665596023666e+01
2.083333333333333481e+00 1.561189267501818279e+01
2.500000000000000000e+00 2.051520965588645851e+01
2.916666666666666963e+00 1.699622252915222731e+01
3.333333333333333481e+00 2.407308219350125356e+01
3.750000000000000000e+00 2.295153120610798680e+01
4.166666666666666963e+00 2.731772063772790915e+01
4.583333333333333925e+00 2.541722819071365080e+01
5.000000000000000000e+00 2.654397022183530552e+01
5.416666666666666963e+00 3.091157374035463690e+01
5.833333333333333925e+00 3.397322399944897597e+01
6.250000000000000000e+00 3.055780634121943251e+01
6.666666666666666963e+00 3.685146295452987886e+01
7.083333333333333925e+00 3.803221110212335532e+01
7.500000000000000000e+00 3.352154068609584670e+01
7.916666666666666963e+00 3.847081293475638120e+01
8.333333333333333925e+00 4.073891796451793823e+01
8.750000000000000000e+00 4.414242943303334243e+01
9.166666666666667851e+00 4.342525933572603947e+01
9.583333333333333925e+00 4.066716604361354825e+01
1.000000000000000000e+01 4.508294079028299706e+01