0.000000000000000000e+00 1.834685755778579175e+00
4.166666666666666852e-01 2.771163092519502769e+00
8.333333333333333703e-01 2.326219649330199868e+00
1.250000000000000000e+00 1.275491665053758439e+00
1.666666666666666741e+00 -3.727452393379555584e-01
2.083333333333333481e+00 -9.046364731183368368e-01
2.500000000000000000e+00 -1.960310046200238299e+00
2.916666666666666963e+00 -3.372212440102500430e+00
3.333333333333333481e+00 -3.149711408260475132e+00
3.750000000000000000e+00 2.898079790787733145e-02
4.166666666666666963e+00 4.809779905401677658e-01
4.583333333333333925e+00 7.243191815398112299e-01
5.000000000000000000e+00 2.001274071922240161e+00
5.416666666666666963e+00 3.377819037042780081e+00
5.833333333333333925e+00 2.535794054220556148e+00
6.250000000000000000e+00 1.226100306635975468e+00
6.666666666666666963e+00 -1.171982039185645696e+00
7.083333333333333925e+00 -1.941984596470275770e+00
7.500000000000000000e+00 -1.875923030672059344e+00
7.916666666666666963e+00 -2.968099842672774713e+00
8.333333333333333925e+00 -7.616042983232659269e-01
8.750000000000000000e+00 -1.285381394761480611e-01
9.166666666666667851e+00 2.507251345531042119e+00
9.583333333333333925e+00 1.198427400301984136e+00
1.000000000000000000e+01 2.580294306958046402e+00